-34
52
-24
91
14
26
-81
-16
3
88
-43
-82
79
47
-50
-75
-30
-1
19
22
97
-55
77
36
74
-67
49
-5
29
66
17
57
-81
96
-23
51
12
40
21
-41
87
42
34
-22
65
-3
62
79
-95
-19
-1
46
-63
93
-42
-76
-70
84
98
-66
28
-27
-30
46
4
97
9
-26
8
0
-76
24
-24
52
4
-41
-60
-59
64
-78
-26
-90
35
-77
-33
44
76
92
34
95
67
5
31
-37
-27
-49
27
-62
-26
57
-12
-97
-25
62
-96
74
-40
-35
-36
91
100
-96
86
34
25
59
-49
68
30
3
91
-53
-25
1
-8
23
-61
-21
86
-30
-94
-48
-45
93
21
89
-15
56
56
-64
-31
-16
81
-13
2
-77
-99
13
-22
-78
1
49
-27
-9
-10
74
-100
-38
19
39
38
-84
-15
81
11
38
7
95
-62
-95
-24
-75
55
30
-73
91
-76
53
-82
34
64
16
44
52
64
85
27
-52
-71
-25
39
-95
-5
-12
62
-12
-48
85
84
-28
-71
0
91
27
92
7
70
-8
39
82
0
56
81
60
55
97
-74
-60
21
-1
31
-32
-87
64
-55
-86
-70
-89
82
-68
-76
-25
-87
50
-77
-84
-5
0
-18
54
83
3
-44
-73
92
-35
-10
4
89
-2
-41
50
21
45
43
-57
-40
-11
32
-10
54
69
-44
1
-84
22
-68
55
-44
-78
100
-50
-92
89
-60
-56
-11
-61
-96
25
-18
-25
71
63
-23
-43
56
-2
2
73
43
-1
68
43
21
-73
30
-97
40
79
-19
9
19
-64
66
28
-58
11
-43
0
-87
-99
6
-61
-73
34
56
91
-4
34
-13
-33
76
-14
100
96
22
25
-46
1
-65
62
-64
22
-14
-54
18
-96
-21
-15
-71
83
64
-75
11
37
5
-84
19
-11
32
85
-6
23
55
82
-76
68
58
-87
-88
50
-87
49
45
-82
92
-48
53
16
-54
-86
28
58
-58
38
-74
-53
-80
9
-17
-2
-18
79
84
11
-25
45
29
99
3
-46
41
12
-80
-43
98
72
87
43
22
51
1
65
83
5
-97
48
59
-91
-6
54
-43
-42
-70
-51
72
19
-72
62
68
67
-70
79
-11
49
-18
-83
-55
30
-54
57
-63
-93
-49
35
17
-47
-36
62
3
-72
7
-66
-19
73
-46
75
-44
-11
74
-45
-18
44
-92
11
-9
43
77
-94
85
-82
13
84
93
-80
-9
-16
-43
26
23
58
-81
77
-79
90
-22
-92
-19
100
86
2
-80
53
-90
47
22
99
88
-76
46
-40
16
15
45
54
-67
-85
-42
-37
66
-16
10
68
18
-21
95
19
-52
-25
24
63
82
-9
60
-6
-24
-73
82
4
99
72
88
73
-28
9
93
-48
-39
100
-96
39
-72
81
44
-19
-95
-31
55
94
8
-27
74
-77
-93
-89
15
35
1
-78
98
-19
-78
-47
83
-8
86
87
-63
-31
-69
-12
-34
-12
54
-88
64
-79
-35
-70
15
39
-50
-72
-55
10
-24
-44
-65
-26
-34
97
-66
-44
-12
42
22
-59
2
21
93
88
89
-39
-43
-56
-84
-87
62
66
29
17
-52
-51
-36
45
15
26
-57
63
-38
-57
-58
87
-4
-19
-24
-87
-5
21
-2
-41
-55
15
37
50
-24
-87
3
49
35
46
43
-37
15
22
-64
76
44
44
-21
45
8
-81
-60
15
-30
89
3
-53
37
-50
75
-57
64
76
0
33
18
32
-74
-77
-79
79
-95
-24
2
-40
96
-26
-35
81
-25
-9
-93
-4
55
16
9
100
-84
-47
-63
-68
64
-52
78
70
-39
-10
26
-64
66
-79
-84
64
12
44
-82
39
54
93
-33
-26
-1
20
-60
49
-67
-84
-49
5
67
15
-95
-60
49
26
-13
12
25
96
25
40
-86
-51
32
-15
4
-80
-50
5
-2
73
-63
-50
81
84
75
-78
-64
-15
82
-4
-57
-41
68
69
-68
-5
71
-67
-91
-53
-12
-55
-100
-24
49
-84
-33
-39
51
-90
39
-52
-82
14
-63
-1
4
-29
14
88
25
75
66
-25
-92
92
29
-97
-36
26
3
40
-24
-32
28
-17
31
-67
-73
-99
55
-34
61
-79
-47
63
24
-61
-52
26
-53
64
-4
-56
-11
-39
9
29
69
77
10
-46
93
90
19
-8
73
-60
-50
42
-95
28
-95
-13
-7
31
-17
2
-68
-78
-58
-3
14
20
35
96
90
-57
-2
-60
44
17
-76
98
-19
68
-21
-89
-40
-37
-73
-29
29
69
-36
-94
22
-82
-43
37
-55
79
62
-28
16
-39
-40
-9
95
-31
19
27
1
-84
14
32
-74
10
-9
-12
63
37
91
-42
-42
-1
-91
-33
-71
28
91
-62
48
-32
0
62
-15
5
57
75
61
94
28
49
34
78
72
95
-57
-77
-39
-40
-65
44
71
-93
-73
33
29
-30
60
-21
-61
80
-85
99
52
-50
94
56
-6
95
79
51
89
-63
23
-16
14
85
40
-88
53
93
-47
93
-42
-72
0
-19
-64
30
67
85
26
-94
12
-95
98
-63
44
-84
-17
33
20
-52
44
-39
-19
-94
-19
16
-78
-59
10
7
-7
73
37
-54
-27
-19
17
29
-76
9
34
-56
9
78
84
-32
-52
-29
44
-74
